71429047
74376921
72325659
77805661
71345775
76876287
70761436
73416697
74447460
73124787
73124788
74103081
73124821
71755047
71469709
75058806
74070711
76070644
75800534
72958583
71599301
77140987
70576126
60766442
75102390
71238082
73141259
71590664
76830879
61406417
71419355
75534594
61028939
74861036
73218236
70346080
74073959
71813273
75982721
75055081
61519596
70825536
60074641
75348003
71314831
72856468
71314976
71372081
62203023
75888436
73384818
75654590
73948482
76839658
76839657
74968043
76933318
71813424
73869100
72435703
73646698
47961310
47164703
76050328
73365684
60523573
73640328
71469322
75716312
73146295
73176016
73237588
73099917
75402984
75197916
75196338
72001878
71540684
72242842
77083916
76796450
73144023
61349081
61450068
75176708
 72002316
74690004
71533612
72378268
71586838
60061860
70783285
60294193
72023619
75023958
71135668
72803255
77014730
72772544
61416346
75971227
75729693
74080693
75197918
75024117
71447324
71777093
76933401
72530393
71256271
73031996
73031995
72231041
72956584
72760011
70552004
75474453
76027277
77163809
74723396
77436949
60813638
71423435
74283676
61294793
74527163
71953054
75196015
62696193
72720243
72845246
71723549
74708395
71554313
61281204
75984061
73079968
70904456
74841366
77474003
74248338
72373266
75314650
71660697
61138743
46541092
72957089
75676061
72165089
70761154
72530372
71864133
71496673
76826675
71472178
70324488
70105785
75177822
76955766
72786116
72720287
70313683
74918652
72856565
76252521
73425195
76871507
72112702
71217144
71761285
60451882
73944719
61972572
76022321
75142218
75054489
73858111
72816433
71474689
60434924
72841369
73858107
72235845
76229189
71784808
72740860
73372015
75196319
71503088
75393723
60220684
75347938
75931227
70998831
74971375
75824760
71819623
75438100
72852643
74758848
71315165
75246387
71268183
70565081
60434915
72848739
71776565
71702217
73587620
73587610
75065978
71985468
75754242
72020613
75868212
76613888
71460440
73234676
76394946
71496686
72489989
72977875
73990922
75115161
71817231
61282122
75837255
72020556
73969256
71605443
72255422
74484183
75737225
75662431
61028427
75068284
75068283
71537939
77575655
75102857
75900814
73141273
71737886
60221151
75915792
73382916
74305316
60283142
71717294
72462262
75237923
72171809
75712613
78463213
60048106
75065842
73880920
75375218
74690666
71761952
71480832
71810243
75347963
75615714
75375451
75438083
60907767
71739442
73633464
75055036
75055038
77356075
71552949
71472173
73141270
73707810
77327910
71847277
73014144
70560428
77089970
76962689
60434905
73884664
71539441
76282706
60766244
71599313
73946675
61087082
75602248
71273378
73071812
73621084
72326048
73462693
71495507
73071863
72512723
73993889
73970986
74088528
72159530
73937267
73868539
75758930
75510190
77482543
71545928
73242049
73242042
60813300
71813288
77162276
62696488
72517033
72781043
74916071
74918662
71977346
71977347
61520166
71997910
72324450
74886102
72008157
76816291
71813260
72300980
61240704
75054949
72289373
74397236
78461764
71955537
72841862
77903287
76459941
73186935
61138371
72257693
72972847
76818879
75938530
60971472
61029260
75929252
71928429
74217931
71790301
75575696
76009516
75247929
70575230
75465017
76906186
74292940
72078822
71963094
72078823
71977332
73450349
61922458
76509991
75384980
75187709
75023991
73788332
 75197711
71306631
71743526
73004201
73973852
71282996
75238647
76027119
76667749
60075005
72567765
75453403
75169660
60722786
72089867
72722917
75169661
61922146
76961382
75392382
74165933
79357316
71317109
73929058
77162512
70256232
60766034
72102265
72466889
75721616
60765880
70904437
73259371
72680645
77018317
71063917
76341319
76341321
76657413
60049700
74861369
74999340
75684297
71743579
72215875
71812720
75162507
75389573
74920381
71641925
71456566
70820268
76004788
71078599
75242344
76679487
74053197
72226051
77094544
75176709
74079123
60747533
60971191
61976689
74122155
72121446
71465171
72492444
72171827
70773595
72530352
60814122
74444336
74611106
72486328
75196686
72486106
72184268
61281984
72724882
73262612
72938534
73011291
74287714
74975812
73150225
75176589
71960302
62859724
75395133
72474559
76584128
71728939
73066409
72205824
 76169288
61450288
73473316
61281536
73111541
73870740
75339415
60971432
75761187
76292805
77064941
72202225
75314633
61087060
75528254
72019256
71435540
61976744
76534267
60048650
62794686
71380488
71858473
75666804
76225219
71662084
72655958
77070703
73646690
71921994
75573703
75015669
72279173
72079552
75580494
77491999
71640177
72153359
71493540
74855245
72219382
76606825
75373905
71762069
74393043
74393042
71993567
74771629
73107267
75315252
71442986
71439154
61137562
75001841
71084858
74372317
71136881
60766400
70610450
76923114
77207327
75463835
76464132
76732989
72159370
72757174
72768265
73880910
72858580
60048537
73099094
75509373
61282023
75509365
75509364
73857104
73027681
73626300
73001368
71268066
71748142
72890561
71495397
71621368
71495405
75175334
72455509
71999751
73273787
71900360
73083944
72961448
75317946
75941593
71350686
73382718
75186438
71505990
71119075
74125867
71765796
71785396
75691928
60765725
73808656
74307341
47290003
73141267
73870750
63386051
72175613
72159706
77127746
76383009
75375304
73796380
78201068
73884800
75465001
71840708
75023993
727494
75024134
71119405
72858550
75219904
74581788
46964834
73100087
71470349
73109199
73336245
73353989
75221400
73984568
61138391
72228085
76009654
74489147
75439820
76009655
62056736
71841797
73752590
75502302
71265692
73978444
75826689
74843300
74091859
76339190
72173997
72170369
72366909
75691919
61976312
71661954
72388245
72324630
76855083
78286906
72248449
73992036
73020811
72848668
72431594
72292522
73203743
72550403
72211035
60765889
72713947
77692256
73660705
73754401
70354893
70263494
75102373
73515934
73754384
75669197
75393724
72949845
70354804
72462313
71806647
72081816
72679981
73610651
70325660
71568848
75234442
73929083
72426653
75143048
72862367
73464787
75924427
72279176
75766238
73073824
60766056
75927097
60971519
73655201
72657569
74947952
73359521
72102231
75026375
77909746
74121581
60451911
75001844
60470114
73660725
72237947
73499070
75234441
75900548
76917078
77344919
71640235
70224986
72705560
74758854
61281939
60971186
71497610
72702899
72760158
62551383
61233746
76157678
75929287
60074520
76001037
75998611
71586924
72388240
75943177
73100091
75929189
71430853
73144012
60737101
75654584
77533284
77533285
73512157
72367280
76582836
77499038
72174729
60552126
73198051
74138479
77437890
71430863
75419273
72487063
77689463
73213248
71541779
72297130
74950422
70885635
72780993
76575010
72155902
75101938
75793497
75692028
75825699
73876564
74128382
60049725
61282173
61137455
76050333
61281333
73373350
75993598
74481556
71103454
75865222
71813407
75384862
72496855
75065930
77094840
72961199
77035492
74764458
74294497
71864123
72447971
75998333
73103309
61973026
72470588
60370546
72436768
61282321
60765928
71110575
71445059
61634930
76911529
76912870
76049667
73144008
71108427
61818986
72454930
71545907
72452912
76471617
60813338
61487366
75186550
74645673
70361872
75053587
75660417
60766589
75465261
74610471
72047051
71853818
73071154
73884337
73884341
76044696
77698425
71728917
74167614
77419890
76522085
74654049
74653911
74901501
61087206
72541792
70324503
77166601
72002839
77813287
71025401
72441763
72736279
74840775
71743467
76127673
76309858
74168229
44055169
74701818
60048181
72020572
60470135
76721955
76415587
71483867
75418516
72845251
78720411
70831298
60733228
73761802
72831264
76156095
75580508
76205120
60963150
75018432
74822572
70100495
74122840
72517024
75018242
73259352
75743209
76051497
76008778
71789690
72271151
72447625
72079534
71309776
71447297
71331571
73830138
76238582
74577893
71331587
73812347
73986003
73985996
73908178
61087012
71813427
73766807
75065725
76027605
72691676
72262919
73116723
60765858
72011579
61087705
75678146
73022164
60813905
73526800
71769254
74915861
73006295
71228556
74647922
71525802
72680690
61137814
72707440
75954322
76130712
70763904
72556138
62217151
75975416
75348002
72495831
75695034
73867533
74971425
76152196
71301153
72637459
75755909
70858558
75120995
73230003
75054974
75509359
61086814
75609605
75313975
76365844
60075107
72546283
75798805
60765848
62000995
71754767
72727430
61349327
71267186
60434859
75198209
75015681
79136754
76405756
71552872
76089880
75738352
76586236
75589133
72660548
75472404
75278306
73235530
75405640
74600623
74970366
72195593
72701941
75024018
73974897
71464278
75594309
62217186
73259361
74606914
62233658
76721910
71668046
61922367
74201973
75901179
72261388
71787155
71819579
72139064
60270632
78116815
61449856
62794546
72816404
75880235
71862167
71552925
72081600
73768161
75222301
72620447
75209744
70110333
74935259
71488892
73185183
76018155
77073682
70891494
72870836
72847869
77696220
73244633
71989732
75197543
60813407
74209238
71092592
61138695
77490056
73669265
61520521
76411892
76412439
74174570
75049572
61281840
73787790
72850342
72742784
75026383
46741849
73578639
72960616
75691913
74732693
72247979
72845324
72463720
71788413
75266238
71109542
74656677
75474459
60765866
71569637
71512627
72891483
60441449
74500852
75102456
72958971
72867920
77040161
73438283
71531076
72158533
72687762
71470753
72841386
60075008
75874375
75378983
72879942
73306124
72431597
74495197
72636357
60470057
76261869
73572768
77280649
70909774
74990244
72858331
61658957
73027664
75347905
71995932
45944127
60451925
75691941
75102417
76468052
73359534
72866452
72202241
75199537
62592743
76259832
70385287
74832092
75615384
71754780
73261132
72953408
74532023
72515500
73006332
76170825
74147015
70848709
71541344
71547462
72890558
73947810
75024345
76128887
74912641
72848649
75465011
72916742
70682914
72546291
71928389
72848704
75169700
70763889
71005449
73750136
73077106
75970248
75848424
70831294
76050326
75025859
74143182